fp.prmtrs.alpha = 1.000000;
fp.prmtrs.Ma = 0.700000;
fp.prmtrs.C = 1.200000;
fp.prmtrs.beta_sub = 0.300000;
fp.prmtrs.beta_super = 4.500000;
fp.prmtrs.lift = 1;
fp.prmtrs.Rg = 0.500000;

char filename_msh_x[] = "../P02/eom_m60_n187_biair_t01_25c/eom_x_iter_0000000074.dat";
char filename_msh_y[] = "../P02/eom_m60_n187_biair_t01_25c/eom_y_iter_0000000074.dat";
